links1,links2,links3,links4,links5,links6,links7,links8,links9,links10
https://doi.org/10.1145/3325480.3325499,https://doi.org/10.1145/3173574.3173998,https://doi.org/10.1145/3313831.3376361,https://doi.org/10.1145/3411764.3445488,https://doi.org/10.1145/3491102.3517596,https://doi.org/10.1145/3461778.3462095,https://doi.org/10.1145/3379336.3379359,https://doi.org/10.1145/3379350.3416153,,
https://doi.org/10.1145/3325480.3329175,https://doi.org/10.1145/3173574.3173831,https://doi.org/10.1145/3313831.3376231,https://doi.org/10.1145/3411764.3445472,https://doi.org/10.1145/3491102.3517735,https://doi.org/10.1145/3461778.3462093,https://doi.org/10.1145/3379336.3381501,https://doi.org/10.1145/3379350.3416194,,
https://doi.org/10.1145/3450741.3465245,https://doi.org/10.1145/3173574.3173753,https://doi.org/10.1145/3313831.3376544,https://doi.org/10.1145/3411764.3445688,https://doi.org/10.1145/3491102.3517735,https://doi.org/10.1145/3461778.3462087,https://doi.org/10.1145/3379336.3381494,https://doi.org/10.1145/3379350.3415802,,
https://doi.org/10.1145/3450741.3465260,https://doi.org/10.1145/3173574.3174065,https://doi.org/10.1145/3313831.3376443,https://doi.org/10.1145/3411764.3445562,https://doi.org/10.1145/3491102.3517707,https://doi.org/10.1145/3461778.3462060,https://doi.org/10.1145/3379336.3381463,https://doi.org/10.1145/3379350.3416196,,
https://doi.org/10.1145/3527927.3532792,https://doi.org/10.1145/3173574.3173613,https://doi.org/10.1145/3313831.3376701,https://doi.org/10.1145/3411764.3445315,https://doi.org/10.1145/3491102.3517472,https://doi.org/10.1145/3461778.3462000,https://doi.org/10.1145/3379336.3381491,https://doi.org/10.1145/3379350.3416168,,
https://doi.org/10.1145/3527927.3532801,https://doi.org/10.1145/3173574.3173754,https://doi.org/10.1145/3313831.3376624,https://doi.org/10.1145/3411764.3445514,https://doi.org/10.1145/3491102.3502103,https://doi.org/10.1145/3461778.3462147,https://doi.org/10.1145/3379336.3381490,https://doi.org/10.1145/3379337.3415590,,
https://doi.org/10.1145/3173574.3173943,https://doi.org/10.1145/3173574.3173987,https://doi.org/10.1145/3313831.3376615,https://doi.org/10.1145/3411764.3445177,https://doi.org/10.1145/3491102.3501905,https://doi.org/10.1145/3461778.3462115,https://doi.org/10.1145/3379336.3381460,https://doi.org/10.1145/3379337.3415869,,
https://doi.org/10.1145/3173574.3173779,https://doi.org/10.1145/3173574.3174207,https://doi.org/10.1145/3313831.3376655,https://doi.org/10.1145/3411764.3445281,https://doi.org/10.1145/3491102.3517515,https://doi.org/10.1145/3461778.3462163,https://doi.org/10.1145/3379336.3379352,https://doi.org/10.1145/3379337.3415900,,